 132 212 205  53  93   6 100  89  14 111 241 115  59 131 132 249
 197 232  12 254 145 180 156 217  73   1  12 250  25 236 191 246
  51 194 238  33   5 255 142 154  29 117  40  17   4   2  55 145
 190 135  51  21 120  80 143  69  49  53  97   9 248 232  42  85
 117  21  36  79  71  79  47 125  11  42 107 141  70 161  28 235
 191  49 169 171  94  54 229 165 216 106 226  33 194  40 185 183
 234 229  63 136 225  80 173  83 224 166 120 114 224 138  95 254
  48 245 231 142 144 220 184 241  52 171 155  83 200  61 161  88
  19  93 187 212 162  45  19 251  30 116  54 188 111  89 220  65
 120  75 221 202 151  83
